2613.49
2663.38
2821.7
2575.11
2351.98
2124.12
1549.11
1496.52
1466.86
1482.74
1418.36
1363.83
1477.9
1657.42
1717.88
1638.68
1733.68
1822.62
1931.15
1949.33
1926.48
1977.08
1847.69
1910.17
1990.24
1776.51
1702.65
1708.87
1742.92
1774.01
1900.02
1967.07
2062.48
2171.31
2303
2349.73
2410.4
2286.8
2216.66
2292.47
1998.26
1892.19
1946.74
2022.82
2015.85
2095.58
2205.76
2189.32
2073.4
1933.08
1858.35
1945.03
2051.88
2112.97
2094.65
2009.32
2045.05
2134.29
2136.3
2129.3
2077.86
2155.12
2080.5
2126.63
2141.84
2209.12
2258.55
2274.56
2241.52
2218.46
2189.51
2223.74
2333.84
2411.96
2495.74
2498.66
2416.55
2366.72
2120.93
2079.43
1850.94
1778.56
1888
1791.9
1928.54
1940.45
1841.57
1723.08
1586.17
1486.97
1601.45
1588.46
1447.35
1305.36
1337.72
1483.58
1557.34
1573.29
1596.27
1627.71
1623.19
1620.8
1673.09
1651.82
1776.6
1782.1
1723.4
1673.76
1678.36
1651.95
1589.62
1597.56
1589.06
1662.9
1710.03
1737.28
1768.78
1923.02
1775.6
